20201213 1213 1 우암동 49450981
20201214 1525 1 모충동 49450982
20201215 0611 1 내덕동 49450983
20201215 1712 1 율량동 49450984
20201216 0813 1 오근장동 49450985
20201217 0913 1 사직동 49450986
20201218 1013 1 사천동 49450987
20201219 1122 1 우암동 49450988
20201213 1213 1 우암동 49450981
20201214 1525 1 모충동 49450982
20201215 0611 1 내덕동 49450983
20201215 1712 1 율량동 49450984
20201216 0813 1 오근장동 49450985
20201217 0913 1 사직동 49450986
20201218 1013 1 사천동 49450987
20201219 1122 1 우암동 49450988
20201213 1213 1 우암동 49450981
20201214 1525 1 모충동 49450982
20201215 0611 1 내덕동 49450983
20201215 1712 1 율량동 49450984
20201216 0813 1 오근장동 49450985
20201217 0913 1 사직동 49450986
20201218 1013 1 사천동 49450987
20201219 1122 1 우암동 49450988


